--- BEGIN: KE_1024.txt ---
# Kinetic Energy
0 570.566 2303.64 5167.49 9127.63 14457 21199.8 29261.1 39140.3 50854.8 64038.2 79497.1 97908.1 119440 144940 175410 213244 259623 317207 391644 490491 626875 828810 1.1493e+06 1.70871e+06 2.6963e+06 3.28217e+06 2.41081e+06 1.82564e+06 1.48513e+06 1.2832e+06 1.14761e+06 1.06548e+06 1.01895e+06 992849 983166 957002 946520 929997 898717 862498 837853 825645 808440 793812 782695 760790 752220 753938 757176 753031 751315 756292 758642 757610 749805 741298 736367 729714 726959 725555 714375 709791 710199 711464 723331 732521 731097 734591 744620 742922 728244 711303 705175 703387 705111 716402 727419 731985 726187 721828 716190 696642 682409 673461 673234 670656 671355 674898 681538 686041 695296 699409 702288 703782 696453 685476 680627 675044 669786 664620 664144 664117 664919 663772 664562 662091 654434 648897 651243 660666 664101 665625 662605 657733 646669 636208 633415 635902 646218 664446 677434 686074 694786 695372 695059 692637 692652 679858 664914 644268 627866 613048 605657 604931 608507 606092 600324 599961 608476 616912 631131 648653 667002 670945 669275 660272 650591 638218 625362 612935 607736 605900 606099 609934 615352 621726 625110 626700 628682 631811 632571 635679 641322 650656 652917 645151 626918 610931 595291 584366 576043 573474 573726 574940 577113 584083 591980 602059 611695 617849 624687 629779 629486 627198 618857 607037 598478 593549 591011 585870 583987 581570 579614 577753 575240 576994 577804 575547 577342 581354 586146 586614 584912 585461 590682 594715 600539 606262 606783 598812 590589 580159 570955 566911 564291 566956 570340 574598 574240 575535 575251 571268 566758 565546 563443 565738 568891 572367 571524 567247 561889 557515 557363 554623 553059 552461 552311 554139 551420 552257 553512 554307 554343 556349 555529 554160 554519 555086 553453 550909 548785 549620 553165 556646 562257 568428 574519 582766 582451 576652 572764 570799 568454 565965 560457 553384 547182 543359 540725 537690 535698 535590 536706 538611 539523 542626 544765 547194 551640 554623 557178 557706 559270 555791 551633 548008 542634 538200 536140 534575 532482 531390 529558 529224 531650 537215 544186 551501 559564 566126 

--- END: {filename} ---

--- BEGIN: KE_128.txt ---
# Kinetic Energy
0 2.66434 11.2197 28.1056 58.7912 65.6873 84.5142 126.324 142.772 181.65 258.504 341.336 427.644 402.018 458.694 476.662 526.305 579.913 575.771 625.594 642.642 701.724 755.65 843.197 975.173 1086.14 1178.61 1234.95 1339.12 1519.22 1660.76 1773.96 1924.75 2013.5 2151.68 2323.72 2472.58 2605.96 2797.57 3030.56 3242.28 3422.24 3630.43 3923.34 4070.91 4257.28 4443.79 4688.91 4995.37 5313.47 5672.86 5963.5 6349.99 6766.66 7185.74 7641.15 8135.59 8707.86 9205.7 9848.87 10458.6 11239.9 12083.9 13035.4 13798.1 14706.5 16083.5 17510.6 19338.9 21468.3 23366.9 25285.7 26491.7 27490 28508 29339 28950.9 27753.8 26599.2 25046.5 24227.8 23211.2 22114.1 21151.3 20585.4 20171.5 19794.8 19408.5 18697.8 18055 17331.1 16778.5 16243 15844.6 15774.4 15478.7 15286 14941.5 14725 14581.2 14388.2 13991.3 13500.5 13006.8 12636.4 12230.3 11856.8 11526.2 11228.7 10880.6 10625 10415.8 10235.5 10146.8 10246.6 10209.9 10091.3 10045.7 10036.2 9991.8 9889.08 9732.02 9491 9356.49 9080.02 8864.55 8623.52 8479.09 8276.27 8145.88 8062.45 8061.51 8190.49 8112.35 8193.39 8402.85 8567.4 8790.2 8994.64 9112.7 9196.66 9194.84 9031.71 8917.47 8698.44 8555.01 8491.88 8599.2 8626.12 8603.75 8641.3 8648.39 8649.36 8689.68 8703.27 8686.12 8549.44 8517.56 8462.57 8501.75 8551.83 8590.77 8605.21 8432.22 8303.88 8152.46 7927.27 7766.43 7612.35 7462.98 7309.12 7247.21 7222.48 7211.69 7256.22 7144.17 7165.48 7252.61 7462.17 7578.12 7654.26 7775.94 7721.97 7733.59 7661.05 7615.72 7695.91 7800.01 7967.21 8078.41 8191.94 8434.58 8475.09 8472.89 8581.75 8688.1 8651 8392.58 8205.8 8084.37 7954.46 7957.77 8095.59 8215.74 8271.18 8404.76 8614.23 8697.79 8664.25 8577.52 8550.09 8582.85 8481.56 8405.09 8394.78 8421.3 8453.42 8598.79 8780.31 8793.77 8650.63 8443.96 8453.96 8430.74 8490.95 8596.46 8701.56 8747.26 8876.91 9033.22 9017.91 9045.26 9029.39 9044.37 9053.27 8956.63 8981.96 9187.26 9044.93 8997.92 9007.33 8965.64 9134.81 9365.64 9619.85 9719.25 9881.68 10108.1 10211.7 10334.7 10254.7 10463.1 10710.4 10709.7 10758.3 10594.2 10888.9 10901.8 10716.3 10435.2 10327.9 10031.3 9917.14 9935.62 9833.87 9828.42 9665.94 9647.54 9587.84 9443.67 9436.18 9397.21 9200.66 9027.43 9047.3 9038.74 8871.36 8536.95 8316.03 8259.33 8208.9 8129.57 8050.93 7855.76 7572.55 7559.13 7424.18 7287.63 7101.6 7055.32 7089.79 7225.24 7194.72 7196.72 7262.49 7423.98 7650.08 7567.82 7677.73 7789.61 7892.19 

--- END: {filename} ---

--- BEGIN: KE_2048.txt ---
# Kinetic Energy
0 4243.05 17187.7 39403.1 71586.4 114426 169352 238545 325677 436371 577538 761285 1.00241e+06 1.33861e+06 1.84184e+06 2.66474e+06 4.35431e+06 8.16907e+06 1.46738e+07 1.01632e+07 8.27757e+06 7.23289e+06 6.49704e+06 5.99036e+06 5.69203e+06 5.48433e+06 5.30661e+06 5.14719e+06 5.02977e+06 4.94744e+06 4.88436e+06 4.82523e+06 4.78077e+06 4.75535e+06 4.73134e+06 4.74037e+06 4.73596e+06 4.71738e+06 4.67581e+06 4.62927e+06 4.58975e+06 4.55246e+06 4.52552e+06 4.5069e+06 4.49373e+06 4.47866e+06 4.4717e+06 4.45743e+06 4.4332e+06 4.41827e+06 4.41136e+06 4.39548e+06 4.37558e+06 4.35221e+06 4.33832e+06 4.33091e+06 4.31556e+06 4.31727e+06 4.3264e+06 4.33367e+06 4.34844e+06 4.34438e+06 4.33383e+06 4.32878e+06 4.33026e+06 4.32464e+06 4.30941e+06 4.28678e+06 4.27296e+06 4.26074e+06 4.26541e+06 4.26542e+06 4.26862e+06 4.27169e+06 4.25424e+06 4.24491e+06 4.23985e+06 4.24111e+06 4.23899e+06 4.23863e+06 4.22536e+06 4.22542e+06 4.21506e+06 4.19658e+06 4.18152e+06 4.17631e+06 4.16137e+06 4.14966e+06 4.14531e+06 4.14715e+06 4.15313e+06 4.16124e+06 4.17433e+06 4.17346e+06 4.16775e+06 4.16899e+06 4.17228e+06 4.18742e+06 4.19844e+06 4.19119e+06 4.17938e+06 4.16751e+06 4.15775e+06 4.13872e+06 4.13583e+06 4.14491e+06 4.16077e+06 4.16524e+06 4.16328e+06 4.1638e+06 4.15961e+06 4.1595e+06 4.16398e+06 4.15741e+06 4.14967e+06 4.14527e+06 4.14228e+06 4.13516e+06 4.12765e+06 4.13355e+06 4.14374e+06 4.14923e+06 4.15304e+06 4.15609e+06 4.14692e+06 4.13563e+06 4.12568e+06 4.11304e+06 4.09598e+06 4.08765e+06 4.08525e+06 4.09012e+06 4.09445e+06 4.09855e+06 4.10429e+06 4.10264e+06 4.09701e+06 4.08176e+06 4.07311e+06 4.06928e+06 4.06338e+06 4.05325e+06 4.04257e+06 4.04232e+06 4.05024e+06 4.05732e+06 4.05805e+06 4.05955e+06 4.06119e+06 4.06288e+06 4.05458e+06 4.05049e+06 4.05201e+06 4.05247e+06 4.05294e+06 4.04658e+06 4.03337e+06 4.01557e+06 4.0038e+06 3.99951e+06 4.00106e+06 4.00038e+06 3.99991e+06 4.00445e+06 4.00708e+06 4.00982e+06 4.01447e+06 4.02263e+06 4.027e+06 4.02997e+06 4.025e+06 4.01455e+06 4.01091e+06 4.01241e+06 4.01626e+06 4.02353e+06 4.028e+06 4.02458e+06 4.02342e+06 4.02049e+06 4.01844e+06 4.01838e+06 4.01641e+06 4.01784e+06 4.01674e+06 4.01643e+06 4.0153e+06 4.01133e+06 4.00335e+06 3.99942e+06 3.99524e+06 3.99472e+06 3.99744e+06 4.0021e+06 4.00524e+06 4.00589e+06 4.00752e+06 4.00603e+06 3.99616e+06 3.992e+06 3.98399e+06 3.97811e+06 3.97027e+06 3.96522e+06 3.96435e+06 3.96203e+06 3.96153e+06 3.9611e+06 3.96207e+06 3.96769e+06 3.97384e+06 3.97807e+06 3.9785e+06 3.98102e+06 3.98437e+06 3.98978e+06 3.9842e+06 3.97609e+06 3.97326e+06 3.97422e+06 3.97728e+06 3.98013e+06 3.97939e+06 3.98084e+06 3.97505e+06 3.97074e+06 3.96287e+06 3.94799e+06 3.93426e+06 3.92631e+06 3.92165e+06 3.91927e+06 3.92164e+06 3.92458e+06 3.93338e+06 3.94177e+06 3.94885e+06 3.95553e+06 3.96262e+06 3.96258e+06 3.96461e+06 3.96153e+06 3.95074e+06 3.94025e+06 3.93484e+06 3.93157e+06 3.92785e+06 3.92552e+06 3.93153e+06 3.93838e+06 3.94464e+06 3.94975e+06 3.95159e+06 3.95102e+06 3.94875e+06 3.9468e+06 3.93868e+06 3.92916e+06 3.92313e+06 3.9195e+06 3.91816e+06 3.91392e+06 3.91229e+06 3.91701e+06 3.92276e+06 3.9291e+06 3.93742e+06 3.93864e+06 3.93255e+06 3.9212e+06 3.91057e+06 3.90125e+06 3.89341e+06 3.89096e+06 3.89318e+06 3.90061e+06 3.90779e+06 3.91718e+06 3.92455e+06 3.93002e+06 3.93521e+06 3.93804e+06 3.9385e+06 3.93482e+06 3.92733e+06 3.91697e+06 3.903e+06 3.89045e+06 3.88221e+06 3.87721e+06 3.87394e+06 3.87203e+06 3.87327e+06 3.87995e+06 3.8913e+06 3.9029e+06 3.91247e+06 3.91638e+06 3.92049e+06 3.92655e+06 3.93324e+06 

--- END: {filename} ---

--- BEGIN: KE_256.txt ---
# Kinetic Energy
0 15.3395 65.0275 162.964 262.593 367.66 495.392 587.396 764.083 997.498 1277.15 1517.16 1694.3 1913.27 2230.81 2583.37 2979.58 3394.58 3815.39 4319.83 4812.44 5384.35 5938.24 6628.46 7332.99 8210.94 9057.94 9816.77 10784 11818.1 13090.5 14549.1 15991 17306.4 19086.2 21150.1 23189.7 25359.7 28046.9 31278.5 35083.1 39877.6 46021.1 53578 60891 69849.3 81091.5 91222.6 97253.2 105137 112698 123645 126784 128541 127809 125724 121080 109344 96875.4 87141.4 79669.8 72629.1 66340.8 60858.3 56769.5 53591.2 51086.9 49183.9 47911.6 47005.2 46318.8 45969.1 45836 46418.3 46587.9 45902.2 45108.7 44238.5 43389.8 42977.2 42199 41507.6 40974.8 40691.7 40883.2 40413.5 39844.5 39664.1 40103.8 39868.5 40524.1 41298.5 41624.8 41935.6 42285.1 41489.1 40861 40177.4 39505.8 39034.1 38374.5 37476.7 36914.2 36612 36678.1 36557.4 36411.3 36402 36867.3 37715.4 38229.3 38650.8 39031.5 39645.7 40343.2 40199.1 39995.8 40172.8 39844.7 39476.5 38524.7 37575.9 36803.2 36187.4 35791.4 35552.7 35087.2 34899.4 35157.4 35777.5 36829.5 37604.4 37305.1 36840.8 36825 37073.4 37025.9 36925.7 35951 35023.1 34152.3 33650.8 33051.6 32647.4 32736.2 32922.2 33126.5 33215.4 33332.5 33813.8 34290.2 34908.6 35720.5 36529.1 37986.7 39029.2 39911.3 40455.7 41281.7 42014.9 42676.4 44397.1 45884.9 47115.1 47074.9 45946.8 44894.9 44289.8 43758.9 42451.9 41227.6 40073.5 38940.3 37774.2 36989.9 36250.3 35901.2 35619.9 35432.3 34893.2 34557.7 34606.5 34630.6 34563 34649 34615.7 34652.9 34599.3 34446.3 34039.1 33851.8 33510.1 33036.2 32430.3 31945.3 31865 31914.7 32275.4 32340.5 32675.2 33145.5 33725.6 34246.7 35389.6 35825.5 36566.5 37428 37492 37796 38572.6 39790.9 40226.1 40405.2 40043.2 39666.6 39140.9 39339.5 39466.1 39352.4 38434.2 37850.5 37406.1 36934.2 36202.4 35666.4 34776.5 33906.2 33649.1 33321 33415.8 32910.7 32548.4 32269.3 31912.8 31420.6 30782.6 30432.3 30254.2 30414.2 30638 31188.9 31887.5 32758.7 33472.9 34352.7 35179.3 35710.4 36345.2 37109.1 37604.1 37501.8 37196 37218.1 36961.8 36977.1 36672.5 36761.4 37132.5 38250.4 38178.8 38279.6 38437.4 38309.3 38206.2 37812.1 37574.7 37512.6 37701.5 38021.2 38468.3 38472.4 38617 38297.2 38624.2 38675.5 38319.4 37302.8 36338.5 35885.1 35542.8 34896.9 33730.2 32864.1 32376.1 32089.7 31732.5 31673.3 31199.8 31025.3 31347.2 31012.7 31454.1 31820.5 31989.5 32276 31842.4 31910.7 32195.9 32075 31932 32177.4 

--- END: {filename} ---

--- BEGIN: KE_4096.txt ---
# Kinetic Energy
0 33233.6 135795 313756 577912 947432 1.45333e+06 2.15586e+06 3.15333e+06 4.64871e+06 7.08622e+06 1.16404e+07 2.30374e+07 6.23206e+07 4.13974e+07 3.13059e+07 2.69995e+07 2.46754e+07 2.32287e+07 2.22449e+07 2.15348e+07 2.09973e+07 2.05822e+07 2.02555e+07 1.99971e+07 1.97901e+07 1.96228e+07 1.95008e+07 1.94002e+07 1.93108e+07 1.92248e+07 1.91479e+07 1.90908e+07 1.90419e+07 1.90001e+07 1.89424e+07 1.88828e+07 1.88077e+07 1.87013e+07 1.86044e+07 1.8538e+07 1.84864e+07 1.84521e+07 1.84331e+07 1.84182e+07 1.84008e+07 1.83938e+07 1.83755e+07 1.83428e+07 1.82969e+07 1.8258e+07 1.823e+07 1.8204e+07 1.81752e+07 1.81569e+07 1.81382e+07 1.81125e+07 1.80898e+07 1.80559e+07 1.80268e+07 1.80019e+07 1.79828e+07 1.79652e+07 1.79559e+07 1.79496e+07 1.79399e+07 1.79259e+07 1.7922e+07 1.7911e+07 1.79009e+07 1.78915e+07 1.78826e+07 1.78848e+07 1.78927e+07 1.79058e+07 1.79214e+07 1.79266e+07 1.78994e+07 1.7869e+07 1.78423e+07 1.7822e+07 1.77974e+07 1.77798e+07 1.77743e+07 1.77701e+07 1.7773e+07 1.77683e+07 1.77543e+07 1.7735e+07 1.77102e+07 1.76917e+07 1.76713e+07 1.76663e+07 1.76473e+07 1.76389e+07 1.76402e+07 1.76437e+07 1.76443e+07 1.76534e+07 1.76626e+07 1.76746e+07 1.76804e+07 1.76798e+07 1.76785e+07 1.76756e+07 1.76651e+07 1.76669e+07 1.7669e+07 1.76819e+07 1.76787e+07 1.7676e+07 1.76736e+07 1.76642e+07 1.76517e+07 1.76395e+07 1.76208e+07 1.76039e+07 1.75959e+07 1.75946e+07 1.75956e+07 1.75986e+07 1.75981e+07 1.75993e+07 1.75971e+07 1.76043e+07 1.76078e+07 1.75937e+07 1.7583e+07 1.7567e+07 1.75626e+07 1.75567e+07 1.75465e+07 1.75356e+07 1.75225e+07 1.75129e+07 1.75084e+07 1.751e+07 1.75153e+07 1.75245e+07 1.75332e+07 1.75376e+07 1.75431e+07 1.75471e+07 1.75403e+07 1.75308e+07 1.75203e+07 1.7514e+07 1.75063e+07 1.74922e+07 1.7484e+07 1.74818e+07 1.74875e+07 1.74877e+07 1.74907e+07 1.74923e+07 1.74857e+07 1.74731e+07 1.74552e+07 1.743e+07 1.74101e+07 1.73925e+07 1.73845e+07 1.73735e+07 1.73722e+07 1.73715e+07 1.73747e+07 1.73809e+07 1.73861e+07 1.73981e+07 1.74096e+07 1.74229e+07 1.74373e+07 1.74515e+07 1.74698e+07 1.74878e+07 1.75029e+07 1.7513e+07 1.7515e+07 1.7509e+07 1.75004e+07 1.74871e+07 1.74802e+07 1.74671e+07 1.74576e+07 1.74441e+07 1.74352e+07 1.7431e+07 1.74247e+07 1.74128e+07 1.74001e+07 1.73927e+07 1.73852e+07 1.73774e+07 1.73736e+07 1.73645e+07 1.73586e+07 1.73537e+07 1.73529e+07 1.73478e+07 1.7339e+07 1.73288e+07 1.73221e+07 1.73204e+07 1.73267e+07 1.73383e+07 1.73544e+07 1.73731e+07 1.73959e+07 1.74273e+07 1.74486e+07 1.7453e+07 1.7452e+07 1.74469e+07 1.74383e+07 1.74244e+07 1.74153e+07 1.74051e+07 1.73782e+07 1.73594e+07 1.73437e+07 1.73324e+07 1.73252e+07 1.73192e+07 1.73139e+07 1.73093e+07 1.73007e+07 1.72912e+07 1.72836e+07 1.72818e+07 1.72805e+07 1.7278e+07 1.72762e+07 1.72749e+07 1.72682e+07 1.72647e+07 1.72617e+07 1.72592e+07 1.72632e+07 1.72673e+07 1.72735e+07 1.7279e+07 1.72842e+07 1.72861e+07 1.72804e+07 1.72728e+07 1.72703e+07 1.72666e+07 1.7264e+07 1.72558e+07 1.72505e+07 1.72469e+07 1.72449e+07 1.72402e+07 1.72356e+07 1.72319e+07 1.72332e+07 1.72354e+07 1.72411e+07 1.72499e+07 1.7255e+07 1.72555e+07 1.7258e+07 1.72582e+07 1.72613e+07 1.72607e+07 1.72613e+07 1.7257e+07 1.72543e+07 1.72515e+07 1.72542e+07 1.72572e+07 1.72587e+07 1.72618e+07 1.72602e+07 1.72604e+07 1.72664e+07 1.72677e+07 1.72707e+07 1.72685e+07 1.72632e+07 1.72605e+07 1.72529e+07 1.725e+07 1.7242e+07 1.72356e+07 1.72262e+07 1.72193e+07 1.72131e+07 1.72093e+07 1.72084e+07 1.72073e+07 1.72069e+07 1.72073e+07 1.72076e+07 1.72038e+07 1.72056e+07 1.72068e+07 1.72095e+07 1.72102e+07 1.72103e+07 1.72102e+07 

--- END: {filename} ---

--- BEGIN: KE_512.txt ---
# Kinetic Energy
0 87.244 355.685 837.627 1542.39 2406.71 3560.77 4822.05 6426.53 8033.44 9946.07 12165.1 15257.4 18038 20690.4 23864.2 27960 32663.4 36961.1 42777.1 48365.3 55598.1 61999.5 68872.7 76643 86448.3 97552.7 112579 131360 157323 186801 225346 268751 323185 382977 456652 507824 532917 543179 494412 425519 362556 317041 282397 250766 228001 207857 194598 187505 181881 178130 177944 177972 183104 180858 180369 178446 173684 170094 166722 161544 157437 150433 147665 144896 144022 143138 145014 142364 139322 138078 134769 131663 129949 129943 128282 131927 139185 142002 137339 128062 122350 119531 120000 120127 121887 124823 131265 138120 142243 145706 150745 153568 154415 150906 148022 146539 143747 139690 135338 131364 129761 128396 126705 124101 119941 117494 115612 113430 110809 109929 109974 111482 110879 111153 110429 110147 109720 111216 112638 114990 117325 120616 123163 125118 127049 128994 130976 129614 128356 127635 126761 126676 126375 125709 123037 120645 120367 119810 120478 121526 122441 121009 120000 118473 119615 119839 121741 122431 122402 123460 123919 122430 121942 119262 118729 118939 116751 113836 112645 111231 110770 110017 109107 108019 106064 104734 102729 100966 101350 102179 103244 105264 104769 104377 104496 104639 104617 105976 107273 109316 111323 113857 116650 118777 121237 120953 120714 120393 121604 121975 123557 123100 122106 117519 114324 109933 106169 104291 102181 101143 99880.6 97921.7 96544.7 96035.2 95555.3 95485.7 96505.6 97612.3 98619.7 99995.9 101484 103389 105175 105323 104865 103000 101898 100674 98129 96044.5 94387.7 93769.1 92395.9 90713.6 89280.7 89408.3 88659.1 88727.4 89374.1 89204.2 89634.8 90023.6 89968.1 91952.8 94435 97975.9 101174 103507 106363 108779 111219 111581 112677 112327 109762 107435 105898 104455 101865 98947 97705.2 98032.2 98564.6 100902 102523 102662 104131 105781 106979 107959 109022 113983 112593 109486 108175 109646 108932 105475 104972 104490 105037 104665 104666 104289 102670 101314 99781.1 98356 98077.5 98372.3 98626.7 98135.6 97117.9 96337.6 96746.2 96611.5 97041.6 97403.3 97932.8 97960 96944.8 95635 94943.9 95300.3 95200.8 94859.5 94220.5 92505.1 91364.3 90572.2 

--- END: {filename} ---

--- BEGIN: KE_8192.txt ---
# Kinetic Energy
0 253759 1.05031e+06 2.50374e+06 4.85507e+06 8.60471e+06 1.48869e+07 2.69468e+07 5.82073e+07 2.62288e+08 1.83202e+08 1.58004e+08 1.47573e+08 1.41838e+08 1.38329e+08 1.35905e+08 1.34114e+08 1.32721e+08 1.31568e+08 1.30638e+08 1.29913e+08 1.29292e+08 1.28753e+08 1.28294e+08 1.27896e+08 1.27569e+08 1.27278e+08 1.27015e+08 1.26774e+08 1.26534e+08 1.26352e+08 1.26186e+08 1.26003e+08 1.25811e+08 1.25667e+08 1.25578e+08 1.25478e+08 1.25346e+08 1.25265e+08 1.2521e+08 1.25121e+08 1.25038e+08 1.24951e+08 1.24861e+08 1.24754e+08 1.24674e+08 1.2462e+08 1.24551e+08 1.24478e+08 1.24421e+08 1.24365e+08 1.24329e+08 1.24301e+08 1.24263e+08 1.24208e+08 1.24134e+08 1.24096e+08 1.2405e+08 1.23999e+08 1.23974e+08 1.23948e+08 1.23908e+08 1.23851e+08 1.23808e+08 1.23764e+08 1.23747e+08 1.2372e+08 1.23686e+08 1.23667e+08 1.23656e+08 1.23643e+08 1.23623e+08 1.23566e+08 1.2354e+08 1.2352e+08 1.23494e+08 1.23482e+08 1.2346e+08 1.23447e+08 1.23437e+08 1.23414e+08 1.23398e+08 1.23384e+08 1.23358e+08 1.23331e+08 1.23317e+08 1.23304e+08 1.23288e+08 1.2328e+08 1.2326e+08 1.23238e+08 1.23208e+08 1.23178e+08 1.2316e+08 1.23142e+08 1.23139e+08 1.23144e+08 1.23136e+08 1.2313e+08 1.23131e+08 1.23114e+08 1.23074e+08 1.23034e+08 1.23006e+08 1.22985e+08 1.22976e+08 1.22974e+08 1.22974e+08 1.22975e+08 1.22974e+08 1.22967e+08 1.22959e+08 1.22979e+08 1.22982e+08 1.22955e+08 1.22937e+08 1.22914e+08 1.22892e+08 1.22866e+08 1.22832e+08 1.22799e+08 1.22782e+08 1.22772e+08 1.22762e+08 1.22763e+08 1.22766e+08 1.22766e+08 1.22763e+08 1.22767e+08 1.22767e+08 1.22763e+08 1.22758e+08 1.22744e+08 1.22735e+08 1.22732e+08 1.22727e+08 1.22716e+08 1.22705e+08 1.22698e+08 1.22696e+08 1.22691e+08 1.22689e+08 1.22681e+08 1.22668e+08 1.22655e+08 1.22641e+08 1.22633e+08 1.22629e+08 1.22628e+08 1.2263e+08 1.2262e+08 1.22608e+08 1.22597e+08 1.22594e+08 1.22587e+08 1.22585e+08 1.22594e+08 1.22609e+08 1.22612e+08 1.22603e+08 1.22596e+08 1.22595e+08 1.22592e+08 1.22589e+08 1.22582e+08 1.22569e+08 1.22563e+08 1.22564e+08 1.22571e+08 1.22565e+08 1.2255e+08 1.22529e+08 1.22513e+08 1.22504e+08 1.22506e+08 1.22501e+08 1.225e+08 1.22489e+08 1.22483e+08 1.22476e+08 1.22478e+08 1.22482e+08 1.22484e+08 1.2247e+08 1.22454e+08 1.22439e+08 1.2243e+08 1.22416e+08 1.22406e+08 1.22398e+08 1.22397e+08 1.22402e+08 1.22406e+08 1.22398e+08 1.22399e+08 1.22401e+08 1.22407e+08 1.22415e+08 1.22417e+08 1.22416e+08 1.22405e+08 1.22391e+08 1.22374e+08 1.22358e+08 1.22344e+08 1.22345e+08 1.2235e+08 1.22352e+08 1.22351e+08 1.22348e+08 1.22346e+08 1.2234e+08 1.22333e+08 1.22324e+08 1.2232e+08 1.22316e+08 1.22312e+08 1.22314e+08 1.22318e+08 1.22324e+08 1.22322e+08 1.22318e+08 1.22314e+08 1.22311e+08 1.22301e+08 1.22289e+08 1.22282e+08 1.22279e+08 1.22274e+08 1.22265e+08 1.22259e+08 1.22255e+08 1.2225e+08 1.22248e+08 1.22243e+08 1.2224e+08 1.22242e+08 1.22246e+08 1.22246e+08 1.22245e+08 1.22242e+08 1.22238e+08 1.22237e+08 1.22243e+08 1.22246e+08 1.22248e+08 1.22246e+08 1.22247e+08 1.22241e+08 1.2223e+08 1.22218e+08 1.22214e+08 1.2221e+08 1.2221e+08 1.22205e+08 1.22204e+08 1.222e+08 1.22193e+08 1.22181e+08 1.2217e+08 1.22162e+08 1.22157e+08 1.22157e+08 1.22159e+08 1.22164e+08 1.22168e+08 1.22171e+08 1.22176e+08 1.22175e+08 1.22171e+08 1.22167e+08 1.22167e+08 1.22168e+08 1.22172e+08 1.22182e+08 1.22189e+08 1.22194e+08 1.22193e+08 1.22189e+08 1.22187e+08 1.22185e+08 1.22183e+08 1.22178e+08 1.22175e+08 1.22172e+08 1.22169e+08 1.22165e+08 1.22164e+08 1.22156e+08 1.22144e+08 1.22134e+08 1.22125e+08 1.22121e+08 1.22116e+08 1.22112e+08 1.22107e+08 1.22103e+08 1.22099e+08 1.22098e+08 1.22098e+08 1.22097e+08 

--- END: {filename} ---

--- BEGIN: combined_text_files.txt ---
--- BEGIN: KE_1024.txt ---
# Kinetic Energy
0 570.566 2303.64 5167.49 9127.63 14457 21199.8 29261.1 39140.3 50854.8 64038.2 79497.1 97908.1 119440 144940 175410 213244 259623 317207 391644 490491 626875 828810 1.1493e+06 1.70871e+06 2.6963e+06 3.28217e+06 2.41081e+06 1.82564e+06 1.48513e+06 1.2832e+06 1.14761e+06 1.06548e+06 1.01895e+06 992849 983166 957002 946520 929997 898717 862498 837853 825645 808440 793812 782695 760790 752220 753938 757176 753031 751315 756292 758642 757610 749805 741298 736367 729714 726959 725555 714375 709791 710199 711464 723331 732521 731097 734591 744620 742922 728244 711303 705175 703387 705111 716402 727419 731985 726187 721828 716190 696642 682409 673461 673234 670656 671355 674898 681538 686041 695296 699409 702288 703782 696453 685476 680627 675044 669786 664620 664144 664117 664919 663772 664562 662091 654434 648897 651243 660666 664101 665625 662605 657733 646669 636208 633415 635902 646218 664446 677434 686074 694786 695372 695059 692637 692652 679858 664914 644268 627866 613048 605657 604931 608507 606092 600324 599961 608476 616912 631131 648653 667002 670945 669275 660272 650591 638218 625362 612935 607736 605900 606099 609934 615352 621726 625110 626700 628682 631811 632571 635679 641322 650656 652917 645151 626918 610931 595291 584366 576043 573474 573726 574940 577113 584083 591980 602059 611695 617849 624687 629779 629486 627198 618857 607037 598478 593549 591011 585870 583987 581570 579614 577753 575240 576994 577804 575547 577342 581354 586146 586614 584912 585461 590682 594715 600539 606262 606783 598812 590589 580159 570955 566911 564291 566956 570340 574598 574240 575535 575251 571268 566758 565546 563443 565738 568891 572367 571524 567247 561889 557515 557363 554623 553059 552461 552311 554139 551420 552257 553512 554307 554343 556349 555529 554160 554519 555086 553453 550909 548785 549620 553165 556646 562257 568428 574519 582766 582451 576652 572764 570799 568454 565965 560457 553384 547182 543359 540725 537690 535698 535590 536706 538611 539523 542626 544765 547194 551640 554623 557178 557706 559270 555791 551633 548008 542634 538200 536140 534575 532482 531390 529558 529224 531650 537215 544186 551501 559564 566126 

--- END: {filename} ---

--- BEGIN: KE_128.txt ---
# Kinetic Energy
0 2.66434 11.2197 28.1056 58.7912 65.6873 84.5142 126.324 142.772 181.65 258.504 341.336 427.644 402.018 458.694 476.662 526.305 579.913 575.771 625.594 642.642 701.724 755.65 843.197 975.173 1086.14 1178.61 1234.95 1339.12 1519.22 1660.76 1773.96 1924.75 2013.5 2151.68 2323.72 2472.58 2605.96 2797.57 3030.56 3242.28 3422.24 3630.43 3923.34 4070.91 4257.28 4443.79 4688.91 4995.37 5313.47 5672.86 5963.5 6349.99 6766.66 7185.74 7641.15 8135.59 8707.86 9205.7 9848.87 10458.6 11239.9 12083.9 13035.4 13798.1 14706.5 16083.5 17510.6 19338.9 21468.3 23366.9 25285.7 26491.7 27490 28508 29339 28950.9 27753.8 26599.2 25046.5 24227.8 23211.2 22114.1 21151.3 20585.4 20171.5 19794.8 19408.5 18697.8 18055 17331.1 16778.5 16243 15844.6 15774.4 15478.7 15286 14941.5 14725 14581.2 14388.2 13991.3 13500.5 13006.8 12636.4 12230.3 11856.8 11526.2 11228.7 10880.6 10625 10415.8 10235.5 10146.8 10246.6 10209.9 10091.3 10045.7 10036.2 9991.8 9889.08 9732.02 9491 9356.49 9080.02 8864.55 8623.52 8479.09 8276.27 8145.88 8062.45 8061.51 8190.49 8112.35 8193.39 8402.85 8567.4 8790.2 8994.64 9112.7 9196.66 9194.84 9031.71 8917.47 8698.44 8555.01 8491.88 8599.2 8626.12 8603.75 8641.3 8648.39 8649.36 8689.68 8703.27 8686.12 8549.44 8517.56 8462.57 8501.75 8551.83 8590.77 8605.21 8432.22 8303.88 8152.46 7927.27 7766.43 7612.35 7462.98 7309.12 7247.21 7222.48 7211.69 7256.22 7144.17 7165.48 7252.61 7462.17 7578.12 7654.26 7775.94 7721.97 7733.59 7661.05 7615.72 7695.91 7800.01 7967.21 8078.41 8191.94 8434.58 8475.09 8472.89 8581.75 8688.1 8651 8392.58 8205.8 8084.37 7954.46 7957.77 8095.59 8215.74 8271.18 8404.76 8614.23 8697.79 8664.25 8577.52 8550.09 8582.85 8481.56 8405.09 8394.78 8421.3 8453.42 8598.79 8780.31 8793.77 8650.63 8443.96 8453.96 8430.74 8490.95 8596.46 8701.56 8747.26 8876.91 9033.22 9017.91 9045.26 9029.39 9044.37 9053.27 8956.63 8981.96 9187.26 9044.93 8997.92 9007.33 8965.64 9134.81 9365.64 9619.85 9719.25 9881.68 10108.1 10211.7 10334.7 10254.7 10463.1 10710.4 10709.7 10758.3 10594.2 10888.9 10901.8 10716.3 10435.2 10327.9 10031.3 9917.14 9935.62 9833.87 9828.42 9665.94 9647.54 9587.84 9443.67 9436.18 9397.21 9200.66 9027.43 9047.3 9038.74 8871.36 8536.95 8316.03 8259.33 8208.9 8129.57 8050.93 7855.76 7572.55 7559.13 7424.18 7287.63 7101.6 7055.32 7089.79 7225.24 7194.72 7196.72 7262.49 7423.98 7650.08 7567.82 7677.73 7789.61 7892.19 

--- END: {filename} ---

--- BEGIN: KE_2048.txt ---
# Kinetic Energy
0 4243.05 17187.7 39403.1 71586.4 114426 169352 238545 325677 436371 577538 761285 1.00241e+06 1.33861e+06 1.84184e+06 2.66474e+06 4.35431e+06 8.16907e+06 1.46738e+07 1.01632e+07 8.27757e+06 7.23289e+06 6.49704e+06 5.99036e+06 5.69203e+06 5.48433e+06 5.30661e+06 5.14719e+06 5.02977e+06 4.94744e+06 4.88436e+06 4.82523e+06 4.78077e+06 4.75535e+06 4.73134e+06 4.74037e+06 4.73596e+06 4.71738e+06 4.67581e+06 4.62927e+06 4.58975e+06 4.55246e+06 4.52552e+06 4.5069e+06 4.49373e+06 4.47866e+06 4.4717e+06 4.45743e+06 4.4332e+06 4.41827e+06 4.41136e+06 4.39548e+06 4.37558e+06 4.35221e+06 4.33832e+06 4.33091e+06 4.31556e+06 4.31727e+06 4.3264e+06 4.33367e+06 4.34844e+06 4.34438e+06 4.33383e+06 4.32878e+06 4.33026e+06 4.32464e+06 4.30941e+06 4.28678e+06 4.27296e+06 4.26074e+06 4.26541e+06 4.26542e+06 4.26862e+06 4.27169e+06 4.25424e+06 4.24491e+06 4.23985e+06 4.24111e+06 4.23899e+06 4.23863e+06 4.22536e+06 4.22542e+06 4.21506e+06 4.19658e+06 4.18152e+06 4.17631e+06 4.16137e+06 4.14966e+06 4.14531e+06 4.14715e+06 4.15313e+06 4.16124e+06 4.17433e+06 4.17346e+06 4.16775e+06 4.16899e+06 4.17228e+06 4.18742e+06 4.19844e+06 4.19119e+06 4.17938e+06 4.16751e+06 4.15775e+06 4.13872e+06 4.13583e+06 4.14491e+06 4.16077e+06 4.16524e+06 4.16328e+06 4.1638e+06 4.15961e+06 4.1595e+06 4.16398e+06 4.15741e+06 4.14967e+06 4.14527e+06 4.14228e+06 4.13516e+06 4.12765e+06 4.13355e+06 4.14374e+06 4.14923e+06 4.15304e+06 4.15609e+06 4.14692e+06 4.13563e+06 4.12568e+06 4.11304e+06 4.09598e+06 4.08765e+06 4.08525e+06 4.09012e+06 4.09445e+06 4.09855e+06 4.10429e+06 4.10264e+06 4.09701e+06 4.08176e+06 4.07311e+06 4.06928e+06 4.06338e+06 4.05325e+06 4.04257e+06 4.04232e+06 4.05024e+06 4.05732e+06 4.05805e+06 4.05955e+06 4.06119e+06 4.06288e+06 4.05458e+06 4.05049e+06 4.05201e+06 4.05247e+06 4.05294e+06 4.04658e+06 4.03337e+06 4.01557e+06 4.0038e+06 3.99951e+06 4.00106e+06 4.00038e+06 3.99991e+06 4.00445e+06 4.00708e+06 4.00982e+06 4.01447e+06 4.02263e+06 4.027e+06 4.02997e+06 4.025e+06 4.01455e+06 4.01091e+06 4.01241e+06 4.01626e+06 4.02353e+06 4.028e+06 4.02458e+06 4.02342e+06 4.02049e+06 4.01844e+06 4.01838e+06 4.01641e+06 4.01784e+06 4.01674e+06 4.01643e+06 4.0153e+06 4.01133e+06 4.00335e+06 3.99942e+06 3.99524e+06 3.99472e+06 3.99744e+06 4.0021e+06 4.00524e+06 4.00589e+06 4.00752e+06 4.00603e+06 3.99616e+06 3.992e+06 3.98399e+06 3.97811e+06 3.97027e+06 3.96522e+06 3.96435e+06 3.96203e+06 3.96153e+06 3.9611e+06 3.96207e+06 3.96769e+06 3.97384e+06 3.97807e+06 3.9785e+06 3.98102e+06 3.98437e+06 3.98978e+06 3.9842e+06 3.97609e+06 3.97326e+06 3.97422e+06 3.97728e+06 3.98013e+06 3.97939e+06 3.98084e+06 3.97505e+06 3.97074e+06 3.96287e+06 3.94799e+06 3.93426e+06 3.92631e+06 3.92165e+06 3.91927e+06 3.92164e+06 3.92458e+06 3.93338e+06 3.94177e+06 3.94885e+06 3.95553e+06 3.96262e+06 3.96258e+06 3.96461e+06 3.96153e+06 3.95074e+06 3.94025e+06 3.93484e+06 3.93157e+06 3.92785e+06 3.92552e+06 3.93153e+06 3.93838e+06 3.94464e+06 3.94975e+06 3.95159e+06 3.95102e+06 3.94875e+06 3.9468e+06 3.93868e+06 3.92916e+06 3.92313e+06 3.9195e+06 3.91816e+06 3.91392e+06 3.91229e+06 3.91701e+06 3.92276e+06 3.9291e+06 3.93742e+06 3.93864e+06 3.93255e+06 3.9212e+06 3.91057e+06 3.90125e+06 3.89341e+06 3.89096e+06 3.89318e+06 3.90061e+06 3.90779e+06 3.91718e+06 3.92455e+06 3.93002e+06 3.93521e+06 3.93804e+06 3.9385e+06 3.93482e+06 3.92733e+06 3.91697e+06 3.903e+06 3.89045e+06 3.88221e+06 3.87721e+06 3.87394e+06 3.87203e+06 3.87327e+06 3.87995e+06 3.8913e+06 3.9029e+06 3.91247e+06 3.91638e+06 3.92049e+06 3.92655e+06 3.93324e+06 

--- END: {filename} ---

--- BEGIN: KE_256.txt ---
# Kinetic Energy
0 15.3395 65.0275 162.964 262.593 367.66 495.392 587.396 764.083 997.498 1277.15 1517.16 1694.3 1913.27 2230.81 2583.37 2979.58 3394.58 3815.39 4319.83 4812.44 5384.35 5938.24 6628.46 7332.99 8210.94 9057.94 9816.77 10784 11818.1 13090.5 14549.1 15991 17306.4 19086.2 21150.1 23189.7 25359.7 28046.9 31278.5 35083.1 39877.6 46021.1 53578 60891 69849.3 81091.5 91222.6 97253.2 105137 112698 123645 126784 128541 127809 125724 121080 109344 96875.4 87141.4 79669.8 72629.1 66340.8 60858.3 56769.5 53591.2 51086.9 49183.9 47911.6 47005.2 46318.8 45969.1 45836 46418.3 46587.9 45902.2 45108.7 44238.5 43389.8 42977.2 42199 41507.6 40974.8 40691.7 40883.2 40413.5 39844.5 39664.1 40103.8 39868.5 40524.1 41298.5 41624.8 41935.6 42285.1 41489.1 40861 40177.4 39505.8 39034.1 38374.5 37476.7 36914.2 36612 36678.1 36557.4 36411.3 36402 36867.3 37715.4 38229.3 38650.8 39031.5 39645.7 40343.2 40199.1 39995.8 40172.8 39844.7 39476.5 38524.7 37575.9 36803.2 36187.4 35791.4 35552.7 35087.2 34899.4 35157.4 35777.5 36829.5 37604.4 37305.1 36840.8 36825 37073.4 37025.9 36925.7 35951 35023.1 34152.3 33650.8 33051.6 32647.4 32736.2 32922.2 33126.5 33215.4 33332.5 33813.8 34290.2 34908.6 35720.5 36529.1 37986.7 39029.2 39911.3 40455.7 41281.7 42014.9 42676.4 44397.1 45884.9 47115.1 47074.9 45946.8 44894.9 44289.8 43758.9 42451.9 41227.6 40073.5 38940.3 37774.2 36989.9 36250.3 35901.2 35619.9 35432.3 34893.2 34557.7 34606.5 34630.6 34563 34649 34615.7 34652.9 34599.3 34446.3 34039.1 33851.8 33510.1 33036.2 32430.3 31945.3 31865 31914.7 32275.4 32340.5 32675.2 33145.5 33725.6 34246.7 35389.6 35825.5 36566.5 37428 37492 37796 38572.6 39790.9 40226.1 40405.2 40043.2 39666.6 39140.9 39339.5 39466.1 39352.4 38434.2 37850.5 37406.1 36934.2 36202.4 35666.4 34776.5 33906.2 33649.1 33321 33415.8 32910.7 32548.4 32269.3 31912.8 31420.6 30782.6 30432.3 30254.2 30414.2 30638 31188.9 31887.5 32758.7 33472.9 34352.7 35179.3 35710.4 36345.2 37109.1 37604.1 37501.8 37196 37218.1 36961.8 36977.1 36672.5 36761.4 37132.5 38250.4 38178.8 38279.6 38437.4 38309.3 38206.2 37812.1 37574.7 37512.6 37701.5 38021.2 38468.3 38472.4 38617 38297.2 38624.2 38675.5 38319.4 37302.8 36338.5 35885.1 35542.8 34896.9 33730.2 32864.1 32376.1 32089.7 31732.5 31673.3 31199.8 31025.3 31347.2 31012.7 31454.1 31820.5 31989.5 32276 31842.4 31910.7 32195.9 32075 31932 32177.4 

--- END: {filename} ---

--- BEGIN: KE_4096.txt ---
# Kinetic Energy
0 33233.6 135795 313756 577912 947432 1.45333e+06 2.15586e+06 3.15333e+06 4.64871e+06 7.08622e+06 1.16404e+07 2.30374e+07 6.23206e+07 4.13974e+07 3.13059e+07 2.69995e+07 2.46754e+07 2.32287e+07 2.22449e+07 2.15348e+07 2.09973e+07 2.05822e+07 2.02555e+07 1.99971e+07 1.97901e+07 1.96228e+07 1.95008e+07 1.94002e+07 1.93108e+07 1.92248e+07 1.91479e+07 1.90908e+07 1.90419e+07 1.90001e+07 1.89424e+07 1.88828e+07 1.88077e+07 1.87013e+07 1.86044e+07 1.8538e+07 1.84864e+07 1.84521e+07 1.84331e+07 1.84182e+07 1.84008e+07 1.83938e+07 1.83755e+07 1.83428e+07 1.82969e+07 1.8258e+07 1.823e+07 1.8204e+07 1.81752e+07 1.81569e+07 1.81382e+07 1.81125e+07 1.80898e+07 1.80559e+07 1.80268e+07 1.80019e+07 1.79828e+07 1.79652e+07 1.79559e+07 1.79496e+07 1.79399e+07 1.79259e+07 1.7922e+07 1.7911e+07 1.79009e+07 1.78915e+07 1.78826e+07 1.78848e+07 1.78927e+07 1.79058e+07 1.79214e+07 1.79266e+07 1.78994e+07 1.7869e+07 1.78423e+07 1.7822e+07 1.77974e+07 1.77798e+07 1.77743e+07 1.77701e+07 1.7773e+07 1.77683e+07 1.77543e+07 1.7735e+07 1.77102e+07 1.76917e+07 1.76713e+07 1.76663e+07 1.76473e+07 1.76389e+07 1.76402e+07 1.76437e+07 1.76443e+07 1.76534e+07 1.76626e+07 1.76746e+07 1.76804e+07 1.76798e+07 1.76785e+07 1.76756e+07 1.76651e+07 1.76669e+07 1.7669e+07 1.76819e+07 1.76787e+07 1.7676e+07 1.76736e+07 1.76642e+07 1.76517e+07 1.76395e+07 1.76208e+07 1.76039e+07 1.75959e+07 1.75946e+07 1.75956e+07 1.75986e+07 1.75981e+07 1.75993e+07 1.75971e+07 1.76043e+07 1.76078e+07 1.75937e+07 1.7583e+07 1.7567e+07 1.75626e+07 1.75567e+07 1.75465e+07 1.75356e+07 1.75225e+07 1.75129e+07 1.75084e+07 1.751e+07 1.75153e+07 1.75245e+07 1.75332e+07 1.75376e+07 1.75431e+07 1.75471e+07 1.75403e+07 1.75308e+07 1.75203e+07 1.7514e+07 1.75063e+07 1.74922e+07 1.7484e+07 1.74818e+07 1.74875e+07 1.74877e+07 1.74907e+07 1.74923e+07 1.74857e+07 1.74731e+07 1.74552e+07 1.743e+07 1.74101e+07 1.73925e+07 1.73845e+07 1.73735e+07 1.73722e+07 1.73715e+07 1.73747e+07 1.73809e+07 1.73861e+07 1.73981e+07 1.74096e+07 1.74229e+07 1.74373e+07 1.74515e+07 1.74698e+07 1.74878e+07 1.75029e+07 1.7513e+07 1.7515e+07 1.7509e+07 1.75004e+07 1.74871e+07 1.74802e+07 1.74671e+07 1.74576e+07 1.74441e+07 1.74352e+07 1.7431e+07 1.74247e+07 1.74128e+07 1.74001e+07 1.73927e+07 1.73852e+07 1.73774e+07 1.73736e+07 1.73645e+07 1.73586e+07 1.73537e+07 1.73529e+07 1.73478e+07 1.7339e+07 1.73288e+07 1.73221e+07 1.73204e+07 1.73267e+07 1.73383e+07 1.73544e+07 1.73731e+07 1.73959e+07 1.74273e+07 1.74486e+07 1.7453e+07 1.7452e+07 1.74469e+07 1.74383e+07 1.74244e+07 1.74153e+07 1.74051e+07 1.73782e+07 1.73594e+07 1.73437e+07 1.73324e+07 1.73252e+07 1.73192e+07 1.73139e+07 1.73093e+07 1.73007e+07 1.72912e+07 1.72836e+07 1.72818e+07 1.72805e+07 1.7278e+07 1.72762e+07 1.72749e+07 1.72682e+07 1.72647e+07 1.72617e+07 1.72592e+07 1.72632e+07 1.72673e+07 1.72735e+07 1.7279e+07 1.72842e+07 1.72861e+07 1.72804e+07 1.72728e+07 1.72703e+07 1.72666e+07 1.7264e+07 1.72558e+07 1.72505e+07 1.72469e+07 1.72449e+07 1.72402e+07 1.72356e+07 1.72319e+07 1.72332e+07 1.72354e+07 1.72411e+07 1.72499e+07 1.7255e+07 1.72555e+07 1.7258e+07 1.72582e+07 1.72613e+07 1.72607e+07 1.72613e+07 1.7257e+07 1.72543e+07 1.72515e+07 1.72542e+07 1.72572e+07 1.72587e+07 1.72618e+07 1.72602e+07 1.72604e+07 1.72664e+07 1.72677e+07 1.72707e+07 1.72685e+07 1.72632e+07 1.72605e+07 1.72529e+07 1.725e+07 1.7242e+07 1.72356e+07 1.72262e+07 1.72193e+07 1.72131e+07 1.72093e+07 1.72084e+07 1.72073e+07 1.72069e+07 1.72073e+07 1.72076e+07 1.72038e+07 1.72056e+07 1.72068e+07 1.72095e+07 1.72102e+07 1.72103e+07 1.72102e+07 

--- END: {filename} ---

--- BEGIN: KE_512.txt ---
# Kinetic Energy
0 87.244 355.685 837.627 1542.39 2406.71 3560.77 4822.05 6426.53 8033.44 9946.07 12165.1 15257.4 18038 20690.4 23864.2 27960 32663.4 36961.1 42777.1 48365.3 55598.1 61999.5 68872.7 76643 86448.3 97552.7 112579 131360 157323 186801 225346 268751 323185 382977 456652 507824 532917 543179 494412 425519 362556 317041 282397 250766 228001 207857 194598 187505 181881 178130 177944 177972 183104 180858 180369 178446 173684 170094 166722 161544 157437 150433 147665 144896 144022 143138 145014 142364 139322 138078 134769 131663 129949 129943 128282 131927 139185 142002 137339 128062 122350 119531 120000 120127 121887 124823 131265 138120 142243 145706 150745 153568 154415 150906 148022 146539 143747 139690 135338 131364 129761 128396 126705 124101 119941 117494 115612 113430 110809 109929 109974 111482 110879 111153 110429 110147 109720 111216 112638 114990 117325 120616 123163 125118 127049 128994 130976 129614 128356 127635 126761 126676 126375 125709 123037 120645 120367 119810 120478 121526 122441 121009 120000 118473 119615 119839 121741 122431 122402 123460 123919 122430 121942 119262 118729 118939 116751 113836 112645 111231 110770 110017 109107 108019 106064 104734 102729 100966 101350 102179 103244 105264 104769 104377 104496 104639 104617 105976 107273 109316 111323 113857 116650 118777 121237 120953 120714 120393 121604 121975 123557 123100 122106 117519 114324 109933 106169 104291 102181 101143 99880.6 97921.7 96544.7 96035.2 95555.3 95485.7 96505.6 97612.3 98619.7 99995.9 101484 103389 105175 105323 104865 103000 101898 100674 98129 96044.5 94387.7 93769.1 92395.9 90713.6 89280.7 89408.3 88659.1 88727.4 89374.1 89204.2 89634.8 90023.6 89968.1 91952.8 94435 97975.9 101174 103507 106363 108779 111219 111581 112677 112327 109762 107435 105898 104455 101865 98947 97705.2 98032.2 98564.6 100902 102523 102662 104131 105781 106979 107959 109022 113983 112593 109486 108175 109646 108932 105475 104972 104490 105037 104665 104666 104289 102670 101314 99781.1 98356 98077.5 98372.3 98626.7 98135.6 97117.9 96337.6 96746.2 96611.5 97041.6 97403.3 97932.8 97960 96944.8 95635 94943.9 95300.3 95200.8 94859.5 94220.5 92505.1 91364.3 90572.2 

--- END: {filename} ---

--- BEGIN: time_1024.txt ---
# Time
0 0.001 0.002 0.003 0.004 0.005 0.006 0.007 0.008 0.009 0.01 0.011 0.012 0.013 0.014 0.015 0.016 0.017 0.018 0.019 0.02 0.021 0.022 0.023 0.024 0.025 0.026 0.027 0.028 0.029 0.03 0.031 0.032 0.033 0.034 0.035 0.036 0.037 0.038 0.039 0.04 0.041 0.042 0.043 0.044 0.045 0.046 0.047 0.048 0.049 0.05 0.051 0.052 0.053 0.054 0.055 0.056 0.057 0.058 0.059 0.06 0.061 0.062 0.063 0.064 0.065 0.066 0.067 0.068 0.069 0.07 0.071 0.072 0.073 0.074 0.075 0.076 0.077 0.078 0.079 0.08 0.081 0.082 0.083 0.084 0.085 0.086 0.087 0.088 0.089 0.09 0.091 0.092 0.093 0.094 0.095 0.096 0.097 0.098 0.099 0.1 0.101 0.102 0.103 0.104 0.105 0.106 0.107 0.108 0.109 0.11 0.111 0.112 0.113 0.114 0.115 0.116 0.117 0.118 0.119 0.12 0.121 0.122 0.123 0.124 0.125 0.126 0.127 0.128 0.129 0.13 0.131 0.132 0.133 0.134 0.135 0.136 0.137 0.138 0.139 0.14 0.141 0.142 0.143 0.144 0.145 0.146 0.147 0.148 0.149 0.15 0.151 0.152 0.153 0.154 0.155 0.156 0.157 0.158 0.159 0.16 0.161 0.162 0.163 0.164 0.165 0.166 0.167 0.168 0.169 0.17 0.171 0.172 0.173 0.174 0.175 0.176 0.177 0.178 0.179 0.18 0.181 0.182 0.183 0.184 0.185 0.186 0.187 0.188 0.189 0.19 0.191 0.192 0.193 0.194 0.195 0.196 0.197 0.198 0.199 0.2 0.201 0.202 0.203 0.204 0.205 0.206 0.207 0.208 0.209 0.21 0.211 0.212 0.213 0.214 0.215 0.216 0.217 0.218 0.219 0.22 0.221 0.222 0.223 0.224 0.225 0.226 0.227 0.228 0.229 0.23 0.231 0.232 0.233 0.234 0.235 0.236 0.237 0.238 0.239 0.24 0.241 0.242 0.243 0.244 0.245 0.246 0.247 0.248 0.249 0.25 0.251 0.252 0.253 0.254 0.255 0.256 0.257 0.258 0.259 0.26 0.261 0.262 0.263 0.264 0.265 0.266 0.267 0.268 0.269 0.27 0.271 0.272 0.273 0.274 0.275 0.276 0.277 0.278 0.279 0.28 0.281 0.282 0.283 0.284 0.285 0.286 0.287 0.288 0.289 0.29 0.291 0.292 0.293 0.294 0.295 0.296 0.297 0.298 0.299 0.3 

--- END: {filename} ---

--- BEGIN: time_128.txt ---
# Time
0 0.001 0.002 0.003 0.004 0.005 0.006 0.007 0.008 0.009 0.01 0.011 0.012 0.013 0.014 0.015 0.016 0.017 0.018 0.019 0.02 0.021 0.022 0.023 0.024 0.025 0.026 0.027 0.028 0.029 0.03 0.031 0.032 0.033 0.034 0.035 0.036 0.037 0.038 0.039 0.04 0.041 0.042 0.043 0.044 0.045 0.046 0.047 0.048 0.049 0.05 0.051 0.052 0.053 0.054 0.055 0.056 0.057 0.058 0.059 0.06 0.061 0.062 0.063 0.064 0.065 0.066 0.067 0.068 0.069 0.07 0.071 0.072 0.073 0.074 0.075 0.076 0.077 0.078 0.079 0.08 0.081 0.082 0.083 0.084 0.085 0.086 0.087 0.088 0.089 0.09 0.091 0.092 0.093 0.094 0.095 0.096 0.097 0.098 0.099 0.1 0.101 0.102 0.103 0.104 0.105 0.106 0.107 0.108 0.109 0.11 0.111 0.112 0.113 0.114 0.115 0.116 0.117 0.118 0.119 0.12 0.121 0.122 0.123 0.124 0.125 0.126 0.127 0.128 0.129 0.13 0.131 0.132 0.133 0.134 0.135 0.136 0.137 0.138 0.139 0.14 0.141 0.142 0.143 0.144 0.145 0.146 0.147 0.148 0.149 0.15 0.151 0.152 0.153 0.154 0.155 0.156 0.157 0.158 0.159 0.16 0.161 0.162 0.163 0.164 0.165 0.166 0.167 0.168 0.169 0.17 0.171 0.172 0.173 0.174 0.175 0.176 0.177 0.178 0.179 0.18 0.181 0.182 0.183 0.184 0.185 0.186 0.187 0.188 0.189 0.19 0.191 0.192 0.193 0.194 0.195 0.196 0.197 0.198 0.199 0.2 0.201 0.202 0.203 0.204 0.205 0.206 0.207 0.208 0.209 0.21 0.211 0.212 0.213 0.214 0.215 0.216 0.217 0.218 0.219 0.22 0.221 0.222 0.223 0.224 0.225 0.226 0.227 0.228 0.229 0.23 0.231 0.232 0.233 0.234 0.235 0.236 0.237 0.238 0.239 0.24 0.241 0.242 0.243 0.244 0.245 0.246 0.247 0.248 0.249 0.25 0.251 0.252 0.253 0.254 0.255 0.256 0.257 0.258 0.259 0.26 0.261 0.262 0.263 0.264 0.265 0.266 0.267 0.268 0.269 0.27 0.271 0.272 0.273 0.274 0.275 0.276 0.277 0.278 0.279 0.28 0.281 0.282 0.283 0.284 0.285 0.286 0.287 0.288 0.289 0.29 0.291 0.292 0.293 0.294 0.295 0.296 0.297 0.298 0.299 0.3 

--- END: {filename} ---

--- BEGIN: time_2048.txt ---
# Time
0 0.001 0.002 0.003 0.004 0.005 0.006 0.007 0.008 0.009 0.01 0.011 0.012 0.013 0.014 0.015 0.016 0.017 0.018 0.019 0.02 0.021 0.022 0.023 0.024 0.025 0.026 0.027 0.028 0.029 0.03 0.031 0.032 0.033 0.034 0.035 0.036 0.037 0.038 0.039 0.04 0.041 0.042 0.043 0.044 0.045 0.046 0.047 0.048 0.049 0.05 0.051 0.052 0.053 0.054 0.055 0.056 0.057 0.058 0.059 0.06 0.061 0.062 0.063 0.064 0.065 0.066 0.067 0.068 0.069 0.07 0.071 0.072 0.073 0.074 0.075 0.076 0.077 0.078 0.079 0.08 0.081 0.082 0.083 0.084 0.085 0.086 0.087 0.088 0.089 0.09 0.091 0.092 0.093 0.094 0.095 0.096 0.097 0.098 0.099 0.1 0.101 0.102 0.103 0.104 0.105 0.106 0.107 0.108 0.109 0.11 0.111 0.112 0.113 0.114 0.115 0.116 0.117 0.118 0.119 0.12 0.121 0.122 0.123 0.124 0.125 0.126 0.127 0.128 0.129 0.13 0.131 0.132 0.133 0.134 0.135 0.136 0.137 0.138 0.139 0.14 0.141 0.142 0.143 0.144 0.145 0.146 0.147 0.148 0.149 0.15 0.151 0.152 0.153 0.154 0.155 0.156 0.157 0.158 0.159 0.16 0.161 0.162 0.163 0.164 0.165 0.166 0.167 0.168 0.169 0.17 0.171 0.172 0.173 0.174 0.175 0.176 0.177 0.178 0.179 0.18 0.181 0.182 0.183 0.184 0.185 0.186 0.187 0.188 0.189 0.19 0.191 0.192 0.193 0.194 0.195 0.196 0.197 0.198 0.199 0.2 0.201 0.202 0.203 0.204 0.205 0.206 0.207 0.208 0.209 0.21 0.211 0.212 0.213 0.214 0.215 0.216 0.217 0.218 0.219 0.22 0.221 0.222 0.223 0.224 0.225 0.226 0.227 0.228 0.229 0.23 0.231 0.232 0.233 0.234 0.235 0.236 0.237 0.238 0.239 0.24 0.241 0.242 0.243 0.244 0.245 0.246 0.247 0.248 0.249 0.25 0.251 0.252 0.253 0.254 0.255 0.256 0.257 0.258 0.259 0.26 0.261 0.262 0.263 0.264 0.265 0.266 0.267 0.268 0.269 0.27 0.271 0.272 0.273 0.274 0.275 0.276 0.277 0.278 0.279 0.28 0.281 0.282 0.283 0.284 0.285 0.286 0.287 0.288 0.289 0.29 0.291 0.292 0.293 0.294 0.295 0.296 0.297 0.298 0.299 0.3 

--- END: {filename} ---

--- BEGIN: time_256.txt ---
# Time
0 0.001 0.002 0.003 0.004 0.005 0.006 0.007 0.008 0.009 0.01 0.011 0.012 0.013 0.014 0.015 0.016 0.017 0.018 0.019 0.02 0.021 0.022 0.023 0.024 0.025 0.026 0.027 0.028 0.029 0.03 0.031 0.032 0.033 0.034 0.035 0.036 0.037 0.038 0.039 0.04 0.041 0.042 0.043 0.044 0.045 0.046 0.047 0.048 0.049 0.05 0.051 0.052 0.053 0.054 0.055 0.056 0.057 0.058 0.059 0.06 0.061 0.062 0.063 0.064 0.065 0.066 0.067 0.068 0.069 0.07 0.071 0.072 0.073 0.074 0.075 0.076 0.077 0.078 0.079 0.08 0.081 0.082 0.083 0.084 0.085 0.086 0.087 0.088 0.089 0.09 0.091 0.092 0.093 0.094 0.095 0.096 0.097 0.098 0.099 0.1 0.101 0.102 0.103 0.104 0.105 0.106 0.107 0.108 0.109 0.11 0.111 0.112 0.113 0.114 0.115 0.116 0.117 0.118 0.119 0.12 0.121 0.122 0.123 0.124 0.125 0.126 0.127 0.128 0.129 0.13 0.131 0.132 0.133 0.134 0.135 0.136 0.137 0.138 0.139 0.14 0.141 0.142 0.143 0.144 0.145 0.146 0.147 0.148 0.149 0.15 0.151 0.152 0.153 0.154 0.155 0.156 0.157 0.158 0.159 0.16 0.161 0.162 0.163 0.164 0.165 0.166 0.167 0.168 0.169 0.17 0.171 0.172 0.173 0.174 0.175 0.176 0.177 0.178 0.179 0.18 0.181 0.182 0.183 0.184 0.185 0.186 0.187 0.188 0.189 0.19 0.191 0.192 0.193 0.194 0.195 0.196 0.197 0.198 0.199 0.2 0.201 0.202 0.203 0.204 0.205 0.206 0.207 0.208 0.209 0.21 0.211 0.212 0.213 0.214 0.215 0.216 0.217 0.218 0.219 0.22 0.221 0.222 0.223 0.224 0.225 0.226 0.227 0.228 0.229 0.23 0.231 0.232 0.233 0.234 0.235 0.236 0.237 0.238 0.239 0.24 0.241 0.242 0.243 0.244 0.245 0.246 0.247 0.248 0.249 0.25 0.251 0.252 0.253 0.254 0.255 0.256 0.257 0.258 0.259 0.26 0.261 0.262 0.263 0.264 0.265 0.266 0.267 0.268 0.269 0.27 0.271 0.272 0.273 0.274 0.275 0.276 0.277 0.278 0.279 0.28 0.281 0.282 0.283 0.284 0.285 0.286 0.287 0.288 0.289 0.29 0.291 0.292 0.293 0.294 0.295 0.296 0.297 0.298 0.299 0.3 

--- END: {filename} ---

--- BEGIN: time_4096.txt ---
# Time
0 0.001 0.002 0.003 0.004 0.005 0.006 0.007 0.008 0.009 0.01 0.011 0.012 0.013 0.014 0.015 0.016 0.017 0.018 0.019 0.02 0.021 0.022 0.023 0.024 0.025 0.026 0.027 0.028 0.029 0.03 0.031 0.032 0.033 0.034 0.035 0.036 0.037 0.038 0.039 0.04 0.041 0.042 0.043 0.044 0.045 0.046 0.047 0.048 0.049 0.05 0.051 0.052 0.053 0.054 0.055 0.056 0.057 0.058 0.059 0.06 0.061 0.062 0.063 0.064 0.065 0.066 0.067 0.068 0.069 0.07 0.071 0.072 0.073 0.074 0.075 0.076 0.077 0.078 0.079 0.08 0.081 0.082 0.083 0.084 0.085 0.086 0.087 0.088 0.089 0.09 0.091 0.092 0.093 0.094 0.095 0.096 0.097 0.098 0.099 0.1 0.101 0.102 0.103 0.104 0.105 0.106 0.107 0.108 0.109 0.11 0.111 0.112 0.113 0.114 0.115 0.116 0.117 0.118 0.119 0.12 0.121 0.122 0.123 0.124 0.125 0.126 0.127 0.128 0.129 0.13 0.131 0.132 0.133 0.134 0.135 0.136 0.137 0.138 0.139 0.14 0.141 0.142 0.143 0.144 0.145 0.146 0.147 0.148 0.149 0.15 0.151 0.152 0.153 0.154 0.155 0.156 0.157 0.158 0.159 0.16 0.161 0.162 0.163 0.164 0.165 0.166 0.167 0.168 0.169 0.17 0.171 0.172 0.173 0.174 0.175 0.176 0.177 0.178 0.179 0.18 0.181 0.182 0.183 0.184 0.185 0.186 0.187 0.188 0.189 0.19 0.191 0.192 0.193 0.194 0.195 0.196 0.197 0.198 0.199 0.2 0.201 0.202 0.203 0.204 0.205 0.206 0.207 0.208 0.209 0.21 0.211 0.212 0.213 0.214 0.215 0.216 0.217 0.218 0.219 0.22 0.221 0.222 0.223 0.224 0.225 0.226 0.227 0.228 0.229 0.23 0.231 0.232 0.233 0.234 0.235 0.236 0.237 0.238 0.239 0.24 0.241 0.242 0.243 0.244 0.245 0.246 0.247 0.248 0.249 0.25 0.251 0.252 0.253 0.254 0.255 0.256 0.257 0.258 0.259 0.26 0.261 0.262 0.263 0.264 0.265 0.266 0.267 0.268 0.269 0.27 0.271 0.272 0.273 0.274 0.275 0.276 0.277 0.278 0.279 0.28 0.281 0.282 0.283 0.284 0.285 0.286 0.287 0.288 0.289 0.29 0.291 0.292 0.293 0.294 0.295 0.296 0.297 0.298 0.299 0.3 

--- END: {filename} ---

--- BEGIN: time_512.txt ---
# Time
0 0.001 0.002 0.003 0.004 0.005 0.006 0.007 0.008 0.009 0.01 0.011 0.012 0.013 0.014 0.015 0.016 0.017 0.018 0.019 0.02 0.021 0.022 0.023 0.024 0.025 0.026 0.027 0.028 0.029 0.03 0.031 0.032 0.033 0.034 0.035 0.036 0.037 0.038 0.039 0.04 0.041 0.042 0.043 0.044 0.045 0.046 0.047 0.048 0.049 0.05 0.051 0.052 0.053 0.054 0.055 0.056 0.057 0.058 0.059 0.06 0.061 0.062 0.063 0.064 0.065 0.066 0.067 0.068 0.069 0.07 0.071 0.072 0.073 0.074 0.075 0.076 0.077 0.078 0.079 0.08 0.081 0.082 0.083 0.084 0.085 0.086 0.087 0.088 0.089 0.09 0.091 0.092 0.093 0.094 0.095 0.096 0.097 0.098 0.099 0.1 0.101 0.102 0.103 0.104 0.105 0.106 0.107 0.108 0.109 0.11 0.111 0.112 0.113 0.114 0.115 0.116 0.117 0.118 0.119 0.12 0.121 0.122 0.123 0.124 0.125 0.126 0.127 0.128 0.129 0.13 0.131 0.132 0.133 0.134 0.135 0.136 0.137 0.138 0.139 0.14 0.141 0.142 0.143 0.144 0.145 0.146 0.147 0.148 0.149 0.15 0.151 0.152 0.153 0.154 0.155 0.156 0.157 0.158 0.159 0.16 0.161 0.162 0.163 0.164 0.165 0.166 0.167 0.168 0.169 0.17 0.171 0.172 0.173 0.174 0.175 0.176 0.177 0.178 0.179 0.18 0.181 0.182 0.183 0.184 0.185 0.186 0.187 0.188 0.189 0.19 0.191 0.192 0.193 0.194 0.195 0.196 0.197 0.198 0.199 0.2 0.201 0.202 0.203 0.204 0.205 0.206 0.207 0.208 0.209 0.21 0.211 0.212 0.213 0.214 0.215 0.216 0.217 0.218 0.219 0.22 0.221 0.222 0.223 0.224 0.225 0.226 0.227 0.228 0.229 0.23 0.231 0.232 0.233 0.234 0.235 0.236 0.237 0.238 0.239 0.24 0.241 0.242 0.243 0.244 0.245 0.246 0.247 0.248 0.249 0.25 0.251 0.252 0.253 0.254 0.255 0.256 0.257 0.258 0.259 0.26 0.261 0.262 0.263 0.264 0.265 0.266 0.267 0.268 0.269 0.27 0.271 0.272 0.273 0.274 0.275 0.276 0.277 0.278 0.279 0.28 0.281 0.282 0.283 0.284 0.285 0.286 0.287 0.288 0.289 0.29 0.291 0.292 0.293 0.294 0.295 0.296 0.297 0.298 0.299 0.3 

--- END: {filename} ---

--- BEGIN: time_8192.txt ---
# Time
0 0.001 0.002 0.003 0.004 0.005 0.006 0.007 0.008 0.009 0.01 0.011 0.012 0.013 0.014 0.015 0.016 0.017 0.018 0.019 0.02 0.021 0.022 0.023 0.024 0.025 0.026 0.027 0.028 0.029 0.03 0.031 0.032 0.033 0.034 0.035 0.036 0.037 0.038 0.039 0.04 0.041 0.042 0.043 0.044 0.045 0.046 0.047 0.048 0.049 0.05 0.051 0.052 0.053 0.054 0.055 0.056 0.057 0.058 0.059 0.06 0.061 0.062 0.063 0.064 0.065 0.066 0.067 0.068 0.069 0.07 0.071 0.072 0.073 0.074 0.075 0.076 0.077 0.078 0.079 0.08 0.081 0.082 0.083 0.084 0.085 0.086 0.087 0.088 0.089 0.09 0.091 0.092 0.093 0.094 0.095 0.096 0.097 0.098 0.099 0.1 0.101 0.102 0.103 0.104 0.105 0.106 0.107 0.108 0.109 0.11 0.111 0.112 0.113 0.114 0.115 0.116 0.117 0.118 0.119 0.12 0.121 0.122 0.123 0.124 0.125 0.126 0.127 0.128 0.129 0.13 0.131 0.132 0.133 0.134 0.135 0.136 0.137 0.138 0.139 0.14 0.141 0.142 0.143 0.144 0.145 0.146 0.147 0.148 0.149 0.15 0.151 0.152 0.153 0.154 0.155 0.156 0.157 0.158 0.159 0.16 0.161 0.162 0.163 0.164 0.165 0.166 0.167 0.168 0.169 0.17 0.171 0.172 0.173 0.174 0.175 0.176 0.177 0.178 0.179 0.18 0.181 0.182 0.183 0.184 0.185 0.186 0.187 0.188 0.189 0.19 0.191 0.192 0.193 0.194 0.195 0.196 0.197 0.198 0.199 0.2 0.201 0.202 0.203 0.204 0.205 0.206 0.207 0.208 0.209 0.21 0.211 0.212 0.213 0.214 0.215 0.216 0.217 0.218 0.219 0.22 0.221 0.222 0.223 0.224 0.225 0.226 0.227 0.228 0.229 0.23 0.231 0.232 0.233 0.234 0.235 0.236 0.237 0.238 0.239 0.24 0.241 0.242 0.243 0.244 0.245 0.246 0.247 0.248 0.249 0.25 0.251 0.252 0.253 0.254 0.255 0.256 0.257 0.258 0.259 0.26 0.261 0.262 0.263 0.264 0.265 0.266 0.267 0.268 0.269 0.27 0.271 0.272 0.273 0.274 0.275 0.276 0.277 0.278 0.279 0.28 0.281 0.282 0.283 0.284 0.285 0.286 0.287 0.288 0.289 0.29 0.291 0.292 0.293 0.294 0.295 0.296 0.297 0.298 0.299 0.3 

--- END: {filename} ---

